289 130
288 141
285 153
278 186
270 208
265 228
259 240
252 253
246 264
238 273
228 278
218 282
209 283
200 283
189 280
177 273
167 266
160 257
154 246
150 233
149 221
149 209
149 198
151 189
155 179
162 172
170 168
180 166
189 166
200 168
213 176
240 195
268 220
297 244
328 270
348 289
357 297
364 304
368 306
370 308
371 308
370 308
367 308
359 311
345 314
322 316
292 318
253 321
217 323
182 323
155 323
143 323
137 322
135 321
135 318
135 316
136 314
140 310
151 305
165 300
177 297
189 295
201 295
210 294
217 294
221 294
225 294
227 294
229 294
252 159
254 159
256 161
257 167
258 172
258 179
258 186
257 194
254 202
249 212
243 221
234 229
225 235
213 243
198 248
173 254
159 255
145 255
136 254
129 250
123 242
121 234
121 225
121 214
121 203
124 191
128 182
133 175
140 171
147 168
155 168
166 168
178 171
189 176
199 185
210 197
222 211
233 228
245 247
255 263
270 280
282 292
292 302
304 308
313 313
323 314
332 314
339 314
345 311
347 307
349 304
349 301
349 298
348 296
344 294
338 293
327 292
312 292
282 292
247 292
208 295
172 298
138 303
105 305
80 305
68 305
60 303
56 299
54 296
54 289
54 281
59 271
66 258
88 233
119 205
146 187
174 175
190 171
202 170
213 170
225 170
238 173
251 176
264 181
292 189
314 196
327 199
338 203
344 204
346 205
347 206
347 208
347 209
300 192
291 205
280 222
241 259
212 286
185 305
161 317
147 322
139 322
135 322
133 322
132 321
132 320
132 319
132 318
132 317
132 316
132 315
132 312
133 308
134 294
136 276
141 236
145 215
148 204
151 199
155 195
160 192
165 191
172 191
183 191
195 195
207 199
220 206
238 214
261 227
273 236
283 244
292 252
299 258
304 263
308 267
310 269
312 270
313 272
314 272
314 270
313 270
312 269
406 104
406 106
406 107
405 110
405 113
404 119
404 127
404 137
404 150
404 164
404 178
403 193
402 211
399 229
395 250
390 274
385 296
378 315
373 330
370 340
368 345
367 347
366 348
365 348
363 348
359 348
350 348
338 347
323 344
292 343
253 337
211 330
166 322
126 315
91 306
78 304
70 301
68 300
67 300
69 300
71 300
80 300
107 303
153 315
201 326
259 336
310 346
357 352
390 353
415 353
427 353
434 350
439 348
441 348
440 348
108 384
111 387
115 390
124 397
134 404
144 411
159 419
175 424
186 427
197 429
209 429
220 427
230 420
242 408
267 380
294 349
314 314
321 292
323 275
321 263
312 251
301 244
289 240
281 239
275 239
271 239
266 241
260 246
253 253
243 265
223 284
195 306
167 327
156 334
152 337
149 337
147 337
144 336
140 331
134 325
127 317
121 310
118 300
115 292
115 288
115 285
115 284
118 284
126 284
140 290
172 305
213 322
254 337
301 353
342 366
372 376
398 387
407 393
413 397
416 400
417 401
412 404
400 406
374 406
335 404
298 395
257 384
234 373
224 366
219 360
217 356
217 350
217 346
217 342
218 337
219 332
220 328
221 323
221 319
221 316
223 311
227 306
235 297
244 288
252 279
257 274
261 271
262 269
263 269
264 269
265 269
266 269
